0.001000 1.001001
0.002000 1.002002
0.003000 1.003005
0.004000 1.004008
0.005000 1.005013
0.006000 1.006018
0.007000 1.007025
0.008000 1.008032
0.009000 1.009040
0.010000 1.010050
0.011000 1.011060
0.012000 1.012072
0.013000 1.013085
0.014000 1.014098
0.015000 1.015113
0.016000 1.016128
0.017000 1.017144
0.018000 1.018162
0.019000 1.019181
0.020000 1.020200
0.021000 1.021220
0.022000 1.022242
0.023000 1.023264
0.024000 1.024288
0.025000 1.025312
0.026000 1.026338
0.027000 1.027364
0.028000 1.028392
0.029000 1.029420
0.030000 1.030450
0.031000 1.031480
0.032000 1.032512
0.033000 1.033544
0.034000 1.034578
0.035000 1.035612
0.036000 1.036648
0.037000 1.037684
0.038000 1.038722
0.039000 1.039760
0.040000 1.040800
0.041000 1.041840
0.042000 1.042882
0.043000 1.043924
0.044000 1.044968
0.045000 1.046012
0.046000 1.047057
0.047000 1.048104
0.048000 1.049151
0.049000 1.050200
0.050000 1.051249
0.051000 1.052300
0.052000 1.053351
0.053000 1.054403
0.054000 1.055457
0.055000 1.056511
0.056000 1.057567
0.057000 1.058623
0.058000 1.059680
0.059000 1.060739
0.060000 1.061798
0.061000 1.062859
0.062000 1.063920
0.063000 1.064982
0.064000 1.066046
0.065000 1.067110
0.066000 1.068176
0.067000 1.069242
0.068000 1.070309
0.069000 1.071378
0.070000 1.072447
0.071000 1.073517
0.072000 1.074588
0.073000 1.075661
0.074000 1.076734
0.075000 1.077808
0.076000 1.078884
0.077000 1.079960
0.078000 1.081037
0.079000 1.082115
0.080000 1.083195
0.081000 1.084275
0.082000 1.085356
0.083000 1.086438
0.084000 1.087521
0.085000 1.088606
0.086000 1.089691
0.087000 1.090777
0.088000 1.091864
0.089000 1.092952
0.090000 1.094041
0.091000 1.095132
0.092000 1.096223
0.093000 1.097315
0.094000 1.098408
0.095000 1.099502
0.096000 1.100597
0.097000 1.101693
0.098000 1.102790
0.099000 1.103888
0.100000 1.104987
0.101000 1.106087
0.102000 1.107188
0.103000 1.108290
0.104000 1.109393
0.105000 1.110497
0.106000 1.111601
0.107000 1.112707
0.108000 1.113814
0.109000 1.114922
0.110000 1.116031
0.111000 1.117140
0.112000 1.118251
0.113000 1.119363
0.114000 1.120476
0.115000 1.121589
0.116000 1.122704
0.117000 1.123820
0.118000 1.124936
0.119000 1.126054
0.120000 1.127172
0.121000 1.128292
0.122000 1.129413
0.123000 1.130534
0.124000 1.131657
0.125000 1.132780
0.126000 1.133904
0.127000 1.135030
0.128000 1.136156
0.129000 1.137284
0.130000 1.138412
0.131000 1.139541
0.132000 1.140671
0.133000 1.141803
0.134000 1.142935
0.135000 1.144068
0.136000 1.145202
0.137000 1.146337
0.138000 1.147473
0.139000 1.148610
0.140000 1.149748
0.141000 1.150887
0.142000 1.152027
0.143000 1.153168
0.144000 1.154310
0.145000 1.155453
0.146000 1.156597
0.147000 1.157742
0.148000 1.158887
0.149000 1.160034
0.150000 1.161182
0.151000 1.162330
0.152000 1.163480
0.153000 1.164631
0.154000 1.165782
0.155000 1.166934
0.156000 1.168088
0.157000 1.169242
0.158000 1.170398
0.159000 1.171554
0.160000 1.172711
0.161000 1.173869
0.162000 1.175029
0.163000 1.176189
0.164000 1.177350
0.165000 1.178512
0.166000 1.179675
0.167000 1.180839
0.168000 1.182004
0.169000 1.183169
0.170000 1.184336
0.171000 1.185504
0.172000 1.186673
0.173000 1.187842
0.174000 1.189013
0.175000 1.190184
0.176000 1.191357
0.177000 1.192530
0.178000 1.193705
0.179000 1.194880
0.180000 1.196056
0.181000 1.197234
0.182000 1.198412
0.183000 1.199591
0.184000 1.200771
0.185000 1.201952
0.186000 1.203134
0.187000 1.204317
0.188000 1.205500
0.189000 1.206685
0.190000 1.207871
0.191000 1.209057
0.192000 1.210245
0.193000 1.211433
0.194000 1.212623
0.195000 1.213813
0.196000 1.215004
0.197000 1.216197
0.198000 1.217390
0.199000 1.218584
0.200000 1.219779
0.201000 1.220975
0.202000 1.222172
0.203000 1.223369
0.204000 1.224568
0.205000 1.225768
0.206000 1.226968
0.207000 1.228170
0.208000 1.229372
0.209000 1.230576
0.210000 1.231780
0.211000 1.232985
0.212000 1.234191
0.213000 1.235398
0.214000 1.236606
0.215000 1.237815
0.216000 1.239025
0.217000 1.240235
0.218000 1.241447
0.219000 1.242660
0.220000 1.243873
0.221000 1.245087
0.222000 1.246303
0.223000 1.247519
0.224000 1.248736
0.225000 1.249954
0.226000 1.251173
0.227000 1.252393
0.228000 1.253613
0.229000 1.254835
0.230000 1.256058
0.231000 1.257281
0.232000 1.258505
0.233000 1.259730
0.234000 1.260957
0.235000 1.262184
0.236000 1.263412
0.237000 1.264640
0.238000 1.265870
0.239000 1.267101
0.240000 1.268332
0.241000 1.269565
0.242000 1.270798
0.243000 1.272032
0.244000 1.273267
0.245000 1.274503
0.246000 1.275740
0.247000 1.276978
0.248000 1.278217
0.249000 1.279456
0.250000 -0.715973
0.251000 -0.710700
0.252000 -0.705450
0.253000 -0.700222
0.254000 -0.695016
0.255000 -0.689832
0.256000 -0.684669
0.257000 -0.679528
0.258000 -0.674408
0.259000 -0.669309
0.260000 -0.664230
0.261000 -0.659172
0.262000 -0.654134
0.263000 -0.649116
0.264000 -0.644118
0.265000 -0.639140
0.266000 -0.634181
0.267000 -0.629242
0.268000 -0.624321
0.269000 -0.619419
0.270000 -0.614536
0.271000 -0.609672
0.272000 -0.604825
0.273000 -0.599997
0.274000 -0.595187
0.275000 -0.590394
0.276000 -0.585620
0.277000 -0.580862
0.278000 -0.576122
0.279000 -0.571399
0.280000 -0.566693
0.281000 -0.562003
0.282000 -0.557331
0.283000 -0.552674
0.284000 -0.548034
0.285000 -0.543410
0.286000 -0.538802
0.287000 -0.534210
0.288000 -0.529633
0.289000 -0.525072
0.290000 -0.520527
0.291000 -0.515996
0.292000 -0.511481
0.293000 -0.506981
0.294000 -0.502495
0.295000 -0.498024
0.296000 -0.493568
0.297000 -0.489126
0.298000 -0.484698
0.299000 -0.480284
0.300000 -0.475884
0.301000 -0.471499
0.302000 -0.467127
0.303000 -0.462768
0.304000 -0.458423
0.305000 -0.454092
0.306000 -0.449773
0.307000 -0.445468
0.308000 -0.441176
0.309000 -0.436896
0.310000 -0.432630
0.311000 -0.428376
0.312000 -0.424134
0.313000 -0.419906
0.314000 -0.415689
0.314999 -0.411484
0.315999 -0.407292
0.316999 -0.403112
0.317999 -0.398943
0.318999 -0.394787
0.319999 -0.390642
0.320999 -0.386508
0.321999 -0.382386
0.322999 -0.378276
0.323999 -0.374176
0.324999 -0.370088
0.325999 -0.366011
0.326999 -0.361945
0.327999 -0.357890
0.328999 -0.353845
0.329999 -0.349811
0.330999 -0.345788
0.331999 -0.341775
0.332999 -0.337773
0.333999 -0.333781
0.334999 -0.329800
0.335999 -0.325828
0.336999 -0.321866
0.337999 -0.317915
0.338999 -0.313973
0.339999 -0.310042
0.340999 -0.306119
0.341999 -0.302207
0.342999 -0.298304
0.343999 -0.294411
0.344999 -0.290527
0.345999 -0.286652
0.346999 -0.282786
0.347999 -0.278930
0.348999 -0.275083
0.349999 -0.271245
0.350999 -0.267415
0.351999 -0.263595
0.352999 -0.259783
0.353999 -0.255980
0.354999 -0.252186
0.355999 -0.248400
0.356999 -0.244623
0.357999 -0.240854
0.358999 -0.237094
0.359999 -0.233341
0.360999 -0.229597
0.361999 -0.225861
0.362999 -0.222134
0.363999 -0.218414
0.364999 -0.214702
0.365999 -0.210998
0.366999 -0.207302
0.367999 -0.203614
0.368999 -0.199933
0.369999 -0.196260
0.370999 -0.192594
0.371999 -0.188936
0.372999 -0.185286
0.373999 -0.181642
0.374999 -0.178006
0.375999 -0.174378
0.376999 -0.170756
0.377999 -0.167142
0.378999 -0.163535
0.379999 -0.159934
0.380999 -0.156341
0.381999 -0.152755
0.382999 -0.149175
0.383999 -0.145603
0.384999 -0.142037
0.385999 -0.138477
0.386999 -0.134925
0.387999 -0.131379
0.388999 -0.127839
0.389999 -0.124306
0.390999 -0.120779
0.391998 -0.117259
0.392998 -0.113745
0.393998 -0.110237
0.394998 -0.106736
0.395998 -0.103240
0.396998 -0.099751
0.397998 -0.096268
0.398998 -0.092791
0.399998 -0.089320
0.400998 -0.085854
0.401998 -0.082395
0.402998 -0.078941
0.403998 -0.075494
0.404998 -0.072052
0.405998 -0.068615
0.406998 -0.065185
0.407998 -0.061759
0.408998 -0.058340
0.409998 -0.054926
0.410998 -0.051517
0.411998 -0.048114
0.412998 -0.044716
0.413998 -0.041324
0.414998 -0.037936
0.415998 -0.034554
0.416998 -0.031178
0.417998 -0.027806
0.418998 -0.024440
0.419998 -0.021078
0.420998 -0.017722
0.421998 -0.014370
0.422998 -0.011024
0.423998 -0.007683
0.424998 -0.004346
0.425998 -0.001014
0.426998 0.002313
0.427998 0.005635
0.428998 0.008952
0.429998 0.012265
0.430998 0.015573
0.431998 0.018877
0.432998 0.022176
0.433998 0.025470
0.434998 0.028760
0.435998 0.032046
0.436998 0.035327
0.437998 0.038603
0.438998 0.041876
0.439998 0.045144
0.440998 0.048407
0.441998 0.051667
0.442998 0.054922
0.443998 0.058173
0.444998 0.061420
0.445998 0.064662
0.446998 0.067901
0.447998 0.071136
0.448998 0.074366
0.449998 0.077593
0.450998 0.080816
0.451998 0.084034
0.452998 0.087249
0.453998 0.090460
0.454998 0.093667
0.455998 0.096871
0.456998 0.100070
0.457998 0.103266
0.458998 0.106458
0.459998 0.109647
0.460998 0.112832
0.461998 0.116013
0.462998 0.119191
0.463998 0.122365
0.464998 0.125535
0.465998 0.128702
0.466998 0.131866
0.467998 0.135026
0.468998 0.138183
0.469997 0.141336
0.470997 0.144486
0.471997 0.147633
0.472997 0.150777
0.473997 0.153917
0.474997 0.157054
0.475997 0.160187
0.476997 0.163318
0.477997 0.166445
0.478997 0.169569
0.479997 0.172691
0.480997 0.175809
0.481997 0.178924
0.482997 0.182035
0.483997 0.185144
0.484997 0.188250
0.485997 0.191353
0.486997 0.194453
0.487997 0.197551
0.488997 0.200645
0.489997 0.203736
0.490997 0.206825
0.491997 0.209911
0.492997 0.212994
0.493997 0.216074
0.494997 0.219151
0.495997 0.222226
0.496997 0.225298
0.497997 0.228368
0.498997 0.231435
0.499997 0.234499
